Year,"Exports of goods, services and primary income (BoP, current US$)","Imports of goods, services and primary income (BoP, current US$)"
1980,2433884334,1925979062
1981,2533015569,2064575134
1982,2350655210,1982068188
1983,2244177962,2056756378
1984,2203353502,2023541621
1985,2119093001,2185846779
1986,1215861456,2126472556
1987,1417165341,1742882782
1988,1423678146,1894924879
1989,1933993570,2000230091
1990,2750410751,2448388589
1991,2579873010,2385265936
1992,2654030076,2680098129
1993,2669491150,2526110623
1994,2596699940,2113274634
1995,2978480794,2421527554
1996,3608871527,2683330034
1997,3303503818,2737738308
1998,2183776803,2725878740
1999,2859456687,2426128156
2000,3541297780,2477238446
2001,2808421359,2212732325
2002,2650855481,2181681113
2003,3392670226,2445767778
2004,4236797956,3128460200
2005,5638895999,3386896487
2007,7120435056,4117842744
2008,9281095980,5109302740
2009,6867811011,5703766007
2010,9442190173,6762655203
2011,10660911362,7665284459
2012,10164625218,7731214900
2013,9670499631,7633207259
2014,8557981460,6887457550
2015,5501128936,5264760492
